24732
46896
8446
12023
28387
60076
3
3055
8021
3536
6000
2159
11255
4593
10937
9446
24684
11262
61084
17244
41726
12106
8374
25753
16565
5096
13056
46892
5811
619
17032
123456
54651
12033
13614
18225
12551
3371
62360
4919
33572
35941
28043
76869
36167
8378
2170
26261
16267
46578
44618
50130
39367
1981
39427
888
7105
4147
1361
1
24737
2307
20032
12179
24813
70570
11823
16972
4904
26229
7619
2
3416
25844
34073
40093
11852
412
775
30899
21795
100198
24077
30723
7899
7333
13164
34694
5597
2428
1698
13235
14113
53303
2253
7745
52065
7561
2836
3104
16577
436
1946
25305
55415
5298
53759
6877
7913
15071
19562
1222
18593
19018
21205
69865
19827
6738
26806
5853
2406
16986
11910
66716
26412
15136
11914
17330
1142
32311
17103
1034
24286
3360
16117
35027
64457
675
19678
47827
52072
17339
3295
13238
3342
49614
36697
10564
11295
17225
4027
23537
58468
9987
9522
18856
30959
22629
28844
3009
47861
26108
21774
23247
30970
9734
9560
32098
7010
9823
50403
31136
12450
47489
74589
262
24262
15359
21657
1708
2716
34450
66517
1476
13316
9781
19243
63374
11686
10644
6028
32069
52067
32899
18995
7990
65
33011
21391
3698
8812
19256
16683
202
48370
27506
9849
14172
53288
32226
21756
14036
356
6982
59069
39702
26158
17856
1619
4215
14249
3287
30251
60089
4749
26589
13907
1522
5834
31379
15814
31234
5212
57131
1127
27697
16300
2957
4213
448
11245
592
2531
640
15885
6298
2401
43809
7591
17245
5874
17931
76457
41114
7267
0
